image: /home/robotics1/EE5900_Intro_to_Robotics/supreme-doodle/1.pgm
resolution: 0.020000
origin: [-10.000000, -20.240000, 0.000000]
negate: 0
occupied_thresh: 0.65
free_thresh: 0.196

